layer1
[[array([[ 0.12723926, -0.02460992,  0.3283882 , -0.19646911, -0.24824768,
         0.08047727, -0.04599936, -0.2448971 ,  0.11842435, -0.17050894,
         0.25735044,  0.1536276 , -0.3358394 , -0.14681487, -0.11571883,
         0.05898873, -0.02157155,  0.01701455, -0.09990576,  0.2834117 ,
         0.08182248,  0.06018614, -0.12867743, -0.08018079, -0.08544719,
         0.18036328,  0.09810377, -0.3323968 ,  0.23952658,  0.3844402 ,
        -0.08134326,  0.02721863,  0.22819707, -0.27021414,  0.3412496 ,
        -0.21237548,  0.22725902, -0.19462019,  0.3322493 ,  0.01713584,
        -0.2754824 ,  0.09647523,  0.01938089, -0.32874796,  0.1796849 ,
        -0.0960827 , -0.04685938, -0.23439255,  0.43193284,  0.29125658],
       [ 0.2209549 , -0.02891827,  0.11414766, -0.08768332, -0.3252644 ,
        -0.31663075,  0.30061468, -0.2767436 , -0.07268173,  0.19363905,
        -0.3027952 , -0.29346967, -0.2488052 ,  0.37675133, -0.20517074,
        -0.14591792, -0.163211  ,  0.1742969 , -0.29744577, -0.02644759,
        -0.27216518,  0.2561763 ,  0.3368862 , -0.33416662, -0.16340344,
        -0.34311217, -0.29583186, -0.23223822, -0.04352404, -0.11784403,
         0.33436242, -0.32132885, -0.17846534, -0.1908756 , -0.35719985,
        -0.09131566,  0.18586841, -0.07828051, -0.20449637, -0.3089574 ,
        -0.22286035, -0.01930939,  0.17552039, -0.04665735,  0.22571431,
        -0.01912388,  0.30423316, -0.00289375, -0.15808505, -0.2525485 ]],
      dtype=float32), array([ 0.08317019,  0.        ,  0.08201472,  0.        ,  0.        ,
       -0.04659477, -0.15735441,  0.        , -0.03780737,  0.06908018,
        0.15077135,  0.190518  ,  0.        , -0.1565846 ,  0.        ,
        0.05890573,  0.        , -0.03742443,  0.        ,  0.09842198,
        0.20287445,  0.08771508, -0.15493263,  0.        ,  0.        ,
        0.11311257,  0.12645763,  0.        ,  0.09998307,  0.06504869,
       -0.15820481,  0.18299443, -0.0662633 ,  0.        ,  0.15124987,
        0.        ,  0.08586343,  0.        ,  0.13774605,  0.08289776,
        0.        , -0.04338599,  0.00383828,  0.        ,  0.08404759,
        0.        , -0.15420707,  0.        ,  0.08948315,  0.08337504],
      dtype=float32)]]
layer2
[[array([[ 0.2623737 ,  0.15936026],
       [-0.02872294, -0.1340075 ],
       [-0.27082813,  0.3371096 ],
       [ 0.25711352, -0.33281365],
       [ 0.2493518 , -0.01301685],
       [ 0.16747692, -0.24063708],
       [-0.6048519 , -0.7907965 ],
       [-0.01584724, -0.27310804],
       [-0.45656255, -0.10111432],
       [-0.33211842,  0.33250642],
       [ 0.5846333 ,  0.29326758],
       [ 0.55527055,  0.5295892 ],
       [ 0.3185284 , -0.12519671],
       [-0.02264353, -0.3417353 ],
       [ 0.19099718,  0.0337607 ],
       [-0.18716295, -0.42840537],
       [-0.22300452,  0.01498845],
       [ 0.25299552, -0.16267587],
       [ 0.13304725, -0.28359604],
       [ 0.20132524, -0.00949071],
       [ 0.4458806 ,  0.37899306],
       [ 0.25549707,  0.03164289],
       [-0.49547267, -0.28056374],
       [-0.23791474, -0.1352338 ],
       [ 0.28045523, -0.33849472],
       [-0.50651026, -0.40248743],
       [-0.57225806, -0.32961935],
       [ 0.09861013, -0.11334826],
       [-0.215179  ,  0.43717003],
       [ 0.43025213,  0.10540981],
       [-0.06258533, -0.41099298],
       [-0.5437172 , -0.7692053 ],
       [ 0.10931674, -0.42465958],
       [-0.10879584, -0.0741863 ],
       [-0.12080333,  0.5209469 ],
       [-0.21856207, -0.16984464],
       [ 0.15687267,  0.15888228],
       [ 0.33203125, -0.082371  ],
       [ 0.18475455,  0.12078866],
       [ 0.27244312,  0.6243385 ],
       [-0.09995775, -0.237391  ],
       [ 0.03331173, -0.30125675],
       [ 0.18224284, -0.10133977],
       [ 0.2681147 , -0.16516441],
       [ 0.21652055,  0.15649381],
       [-0.33519912, -0.14147732],
       [-0.2588683 , -0.50985944],
       [-0.19367208, -0.16167226],
       [ 0.37716547, -0.01252833],
       [ 0.4599712 ,  0.19683509]], dtype=float32), array([0.07767377, 0.07377069], dtype=float32)]]