layer1
[[array([[ 5.18641710e-01,  5.37736297e-01,  1.64784696e-02,
         8.16394329e-01, -2.88949579e-01, -2.71932214e-01,
        -1.22701079e-01,  5.08162796e-01, -1.71529248e-01,
        -1.60894156e-01, -1.98221549e-01,  2.74536371e-01,
         3.93948704e-01,  2.41269588e-01,  3.56481254e-01,
        -2.98702478e-01,  4.48144495e-01,  4.16970223e-01,
        -7.62903132e-04, -3.12758446e-01, -2.37588137e-01,
        -2.23934740e-01, -1.88954264e-01,  1.71928592e-02,
         2.94619262e-01,  1.96452335e-01,  4.90879416e-01,
        -3.31533343e-01,  3.90666097e-01, -2.75320232e-01,
         3.77637863e-01,  4.56831396e-01, -1.23068392e-02,
        -1.26747489e-01, -1.39145836e-01,  5.66202998e-01,
         2.53681075e-02, -1.87950864e-01, -1.01286575e-01,
        -8.83247852e-02,  3.91806871e-01, -1.79294050e-01,
        -4.24095988e-03, -6.02967143e-02,  3.89355600e-01,
         6.90633237e-01,  5.78145862e-01,  5.36091745e-01,
        -7.43898749e-03, -1.07976258e-01]], dtype=float32), array([-0.00914117, -0.00425851, -0.02266887, -0.34780416,  0.        ,
        0.        ,  0.        , -0.00488965,  0.        ,  0.        ,
        0.        , -0.01791862, -0.2194368 , -0.01473542, -0.00418806,
        0.        , -0.00760127, -0.00738317, -0.01247348,  0.        ,
        0.        ,  0.        ,  0.        , -0.02207116, -0.01069411,
       -0.0130566 , -0.00871013,  0.        , -0.00595358,  0.        ,
       -0.23991814, -0.0119384 ,  0.        ,  0.        ,  0.        ,
       -0.0828982 , -0.0258059 ,  0.        ,  0.        ,  0.        ,
       -0.21795839,  0.        ,  0.        ,  0.        , -0.2412563 ,
       -0.17231901, -0.00513485, -0.07856521,  0.        ,  0.        ],
      dtype=float32)]]
layer2
[[array([[ 2.31873736e-01],
       [ 4.19600487e-01],
       [-7.85862878e-02],
       [ 2.38028884e+00],
       [ 1.55320644e-01],
       [ 3.03786427e-01],
       [-2.68919826e-01],
       [ 3.79186362e-01],
       [-9.97619182e-02],
       [-2.96379089e-01],
       [ 2.87761778e-01],
       [ 6.86443374e-02],
       [-1.14666438e+00],
       [ 2.03418583e-01],
       [ 3.75901580e-01],
       [-2.49852061e-01],
       [ 2.64977306e-01],
       [ 2.25223809e-01],
       [-6.71081096e-02],
       [ 1.86967105e-01],
       [-1.29064217e-01],
       [ 2.36720413e-01],
       [ 3.09558123e-01],
       [-2.16448456e-02],
       [ 1.78399429e-01],
       [ 4.35312875e-02],
       [ 2.21530512e-01],
       [-5.71065247e-02],
       [ 3.38385046e-01],
       [ 2.58654356e-04],
       [-1.36741602e+00],
       [ 1.35868922e-01],
       [-2.72723168e-01],
       [ 3.36826056e-01],
       [-3.04451466e-01],
       [-7.03558445e-01],
       [ 2.25988659e-03],
       [-2.58324713e-01],
       [-2.66187191e-02],
       [ 1.88342959e-01],
       [-1.42940044e+00],
       [ 3.36019367e-01],
       [-5.90127707e-03],
       [ 1.05274916e-01],
       [-1.19145966e+00],
       [-8.07754576e-01],
       [ 3.91661614e-01],
       [-5.64961970e-01],
       [ 2.84996182e-01],
       [-2.89825499e-02]], dtype=float32), array([0.03238948], dtype=float32)]]