[[array([[-0.23651499,  0.51242626, -0.21390432,  0.3725893 ,  0.4923096 ,
        -0.2264201 ,  0.33686218, -0.09023744, -0.22528914,  0.39825115,
        -0.32562342, -0.339275  ,  0.55918044, -0.0483816 ,  0.5926873 ,
         0.5392841 ,  0.45478156, -0.3217354 ,  0.65088063, -0.32200512,
         0.55939645,  0.02282993,  0.38844964, -0.29829454,  0.42676094,
        -0.07424346,  0.43759093, -0.07215258, -0.08603927,  0.3502981 ,
         0.42200038, -0.07431287, -0.22100174, -0.29334593, -0.2587188 ,
        -0.19490558,  0.9358523 ,  0.34888437, -0.2639486 ,  0.60135937,
        -0.15801415,  0.5755715 ,  0.41223088,  0.4621273 ,  0.41109338,
         0.16690937, -0.3216821 , -0.2577027 , -0.28968853,  0.36511615]],
      dtype=float32), array([ 0.        , -0.01006669,  0.        , -0.22994521, -0.00978361,
        0.        , -0.2074336 ,  0.        ,  0.        , -0.21739876,
        0.        ,  0.        , -0.01101386,  0.        , -0.14512794,
       -0.00567666, -0.00550814,  0.        , -0.08911597,  0.        ,
       -0.00417711, -0.02504811, -0.00853477,  0.        , -0.23320377,
        0.        , -0.23983772,  0.        ,  0.        , -0.00779619,
       -0.23060964,  0.        ,  0.        ,  0.        ,  0.        ,
        0.        , -0.39792082, -0.21533558,  0.        , -0.14715178,
        0.        , -0.00499382, -0.00803022, -0.00992056, -0.00861033,
       -0.01168445,  0.        ,  0.        ,  0.        , -0.22616185],
      dtype=float32)]]
layer2
[[array([[-0.01071933],
       [ 0.20563276],
       [ 0.26516095],
       [-0.44954488],
       [ 0.1970332 ],
       [-0.10617046],
       [-1.0639141 ],
       [-0.17174424],
       [-0.05505025],
       [-0.58231527],
       [ 0.09255254],
       [ 0.08732185],
       [ 0.18642506],
       [ 0.27389976],
       [-0.65515727],
       [ 0.34812415],
       [ 0.33110222],
       [-0.33342206],
       [-0.6710696 ],
       [-0.15246338],
       [ 0.42451724],
       [-0.27503827],
       [ 0.1606251 ],
       [-0.02054995],
       [-0.7132429 ],
       [-0.12465522],
       [-0.8942278 ],
       [-0.07960057],
       [-0.26000726],
       [ 0.16137108],
       [-0.4581178 ],
       [ 0.30626002],
       [ 0.2879354 ],
       [ 0.05080339],
       [ 0.18846753],
       [-0.14813738],
       [ 2.2132194 ],
       [-0.57277924],
       [-0.20607622],
       [-0.74993235],
       [ 0.03847498],
       [ 0.3970918 ],
       [ 0.23828827],
       [ 0.14775364],
       [ 0.18413562],
       [ 0.0238326 ],
       [ 0.13652188],
       [-0.14317907],
       [ 0.10689157],
       [-0.56547475]], dtype=float32), array([0.03026509], dtype=float32)]]