layer1
[[array([[-0.00827515,  0.27223244, -0.09968226,  0.21278258,  0.29511625,
         0.19715312,  0.24847768, -0.22887662, -0.14296739, -0.11553176,
        -0.25581363,  0.05525183,  0.26455986, -0.04488513,  0.22420187,
        -0.02311003,  0.33522475, -0.05579293,  0.05175515,  0.09617149,
         0.37301004, -0.1303447 ,  0.28303394,  0.2158906 , -0.18928538,
         0.06015215,  0.24158746, -0.10985734,  0.35665748, -0.28120825,
        -0.06886527,  0.31185722, -0.30848432, -0.2968347 ,  0.24014252,
         0.05624356,  0.05446143, -0.12419473,  0.12553528, -0.00944515,
         0.2886428 ,  0.24380377, -0.06657703,  0.21017386, -0.00417373,
         0.05585272, -0.19384968, -0.06075716, -0.1593622 ,  0.33646163],
       [-0.16163938, -0.01929082,  0.35441193, -0.2605064 , -0.2982    ,
         0.17487419,  0.02812594, -0.32091662, -0.1151529 , -0.30874804,
        -0.02474412,  0.33236986, -0.07142288, -0.15129519, -0.27404246,
         0.26884142, -0.2573801 ,  0.2780439 , -0.26421908,  0.13826697,
         0.29824677,  0.13625489, -0.30966374,  0.1921058 ,  0.28499675,
        -0.24808605,  0.09292992, -0.03217152,  0.09995016,  0.01226509,
         0.32512876,  0.11827922,  0.27491727, -0.27160484,  0.05676765,
         0.07520074,  0.00914179,  0.3462289 ,  0.26500982,  0.27191836,
        -0.15859297, -0.02377379,  0.33586147, -0.31961998,  0.24497512,
        -0.03140736, -0.26136577, -0.19703747, -0.2832667 , -0.16716546]],
      dtype=float32), array([ 0.        , -0.05484499, -0.16519476,  0.14322487,  0.13105975,
        0.04934108, -0.02362125,  0.        ,  0.        ,  0.        ,
        0.        , -0.04462744,  0.03304962,  0.        ,  0.04324627,
       -0.14775054,  0.06809003, -0.14122319,  0.13125306,  0.04936629,
        0.048902  ,  0.03527508,  0.14448285,  0.0276822 , -0.08050945,
       -0.03494006, -0.13232529,  0.        ,  0.06195762, -0.01120344,
       -0.1593277 ,  0.05583603,  0.02534924,  0.        ,  0.09014393,
        0.05917611,  0.02483726, -0.14928912, -0.04197904,  0.05843067,
        0.08247826,  0.10446972,  0.04596783,  0.07530751, -0.14397453,
       -0.02230311,  0.        ,  0.        ,  0.        ,  0.10350775],
      dtype=float32)]]
layer2
[[array([[-0.27026215,  0.02128315],
       [-0.24988514, -0.16015182],
       [-0.34085572, -0.11057466],
       [ 0.54540765, -0.02530621],
       [ 0.21583088,  0.31060448],
       [ 0.30740422,  0.14768009],
       [-0.22867805, -0.05443369],
       [-0.20222971, -0.2342658 ],
       [ 0.08396757,  0.23553461],
       [-0.13374025,  0.2748806 ],
       [ 0.08260715,  0.08383176],
       [-0.05304008, -0.19294707],
       [ 0.4228776 , -0.2045896 ],
       [ 0.04911005,  0.23138678],
       [-0.28436315, -0.43976346],
       [-0.185798  , -0.66878605],
       [ 0.39615232,  0.37696066],
       [-0.53955865, -0.2319285 ],
       [-0.21961443, -0.63407636],
       [ 0.3293044 ,  0.24108393],
       [ 0.3019312 ,  0.11060387],
       [-0.12351252,  0.07216144],
       [ 0.12476922,  0.58720595],
       [ 0.21972887, -0.12494989],
       [-0.29048795, -0.30615237],
       [-0.15775895, -0.2057683 ],
       [ 0.063327  , -0.44371143],
       [ 0.25995797, -0.07263386],
       [ 0.08653049,  0.24896719],
       [-0.0668456 ,  0.2847651 ],
       [-0.15686312, -0.8524547 ],
       [ 0.17375597,  0.11367251],
       [ 0.20194614, -0.12160624],
       [-0.30007547, -0.11814666],
       [-0.14060082,  0.39072064],
       [ 0.06491181,  0.350938  ],
       [ 0.32351306, -0.19404113],
       [-0.3966928 , -0.49796128],
       [-0.0812743 ,  0.01516033],
       [-0.04683674,  0.29783738],
       [ 0.4015394 ,  0.29839787],
       [-0.12110373,  0.36757413],
       [ 0.10496957,  0.15938665],
       [-0.46451935,  0.00490491],
       [-0.46895382, -0.48388687],
       [-0.31768918, -0.04600856],
       [-0.08758476, -0.14818926],
       [ 0.07543749,  0.02849218],
       [-0.15637702,  0.13611671],
       [ 0.25595024,  0.02327107]], dtype=float32), array([0.04342818, 0.05708103], dtype=float32)]]