layer1
[[array([[ 3.18856955e-01, -3.16706121e-01,  2.63938338e-01,
         8.07426032e-03, -4.54327464e-03,  2.66973466e-01,
        -1.83366120e-01,  1.47410799e-02,  2.05333114e-01,
        -1.49461925e-02, -2.10437179e-02,  2.07920909e-01,
        -8.60100687e-02, -2.47572437e-01, -8.96577239e-02,
        -1.55493855e-01, -2.11298669e-04,  1.42124161e-01,
         3.99784356e-01, -1.71434715e-01, -4.84017730e-02,
        -6.28682673e-02, -2.47484937e-01,  2.05580637e-01,
         1.65303379e-01,  3.88305694e-01,  1.78631321e-01,
        -3.32106680e-01,  2.98168033e-01, -2.96182007e-01,
        -4.28542793e-02,  1.59054413e-01,  8.29748586e-02,
        -2.75647849e-01, -4.57788706e-02,  3.99157912e-01,
         1.40465438e-01,  2.30401263e-01, -7.31092691e-03,
         2.98281491e-01, -3.02156150e-01, -1.07270405e-02,
         3.64956886e-01, -6.20372593e-02, -2.08879203e-01,
        -1.18863210e-01,  1.30845517e-01,  4.03508335e-01,
        -3.23476613e-01, -2.65780389e-01]], dtype=float32), array([-0.07627991,  0.        , -0.10134121, -0.00824153,  0.        ,
       -0.10559817,  0.        ,  0.20696962, -0.12119813,  0.        ,
        0.        , -0.12272769,  0.        ,  0.        ,  0.        ,
        0.        , -0.001503  ,  0.1721425 , -0.0641005 ,  0.        ,
        0.        ,  0.        ,  0.        , -0.12133379, -0.09770901,
       -0.06917992,  0.173263  ,  0.        ,  0.16843224,  0.        ,
        0.        , -0.09399147,  0.17637993,  0.        ,  0.        ,
       -0.07015312,  0.18575014, -0.13597153,  0.        , -0.09172282,
        0.        ,  0.20886965, -0.06726303,  0.        ,  0.        ,
        0.        ,  0.17478758, -0.07112759,  0.        ,  0.        ],
      dtype=float32)]]
layer2
[[array([[-0.40294382],
       [-0.08727869],
       [-0.4209025 ],
       [-0.05142261],
       [-0.3073785 ],
       [-0.2494679 ],
       [ 0.04118365],
       [ 0.2645484 ],
       [-0.31249884],
       [ 0.23154148],
       [ 0.22874144],
       [-0.38868743],
       [-0.09116676],
       [ 0.0819793 ],
       [ 0.24668404],
       [ 0.32955208],
       [-0.07191197],
       [ 0.39001256],
       [-0.09709259],
       [ 0.10609382],
       [ 0.1977388 ],
       [ 0.08552441],
       [ 0.12046596],
       [-0.31445485],
       [-0.57052743],
       [-0.26421064],
       [ 0.30641517],
       [ 0.14472541],
       [ 0.37157205],
       [ 0.15186289],
       [ 0.044029  ],
       [-0.55179656],
       [ 0.38121593],
       [ 0.329271  ],
       [ 0.24637827],
       [-0.25850803],
       [ 0.19532   ],
       [-0.4118174 ],
       [-0.13427988],
       [-0.288019  ],
       [ 0.05975699],
       [ 0.3129172 ],
       [-0.30891487],
       [ 0.20217744],
       [-0.3012325 ],
       [ 0.02706587],
       [ 0.33230677],
       [-0.17291524],
       [-0.22681934],
       [ 0.14848116]], dtype=float32), array([0.16282912], dtype=float32)]]