layer1
[[array([[ 2.4660842e-01, -1.8715993e-01, -4.6540689e-02,  3.4230280e-01,
        -2.8855217e-01,  2.5773269e-01, -1.7782845e-01, -8.3825171e-02,
        -1.4740016e-01, -5.1576525e-02, -3.1163198e-01,  1.4632040e-01,
        -3.0178028e-01,  2.9351249e-01,  2.2495797e-02, -4.2336136e-02,
        -1.3328399e-01, -2.1555310e-01,  9.8998728e-04,  3.0004105e-01,
         3.3367011e-01, -1.7061204e-01,  2.5695097e-01,  2.8278294e-01,
         1.4480953e-01, -3.8377911e-02, -2.1683276e-03,  1.6145997e-01,
         5.0473958e-04,  2.4535681e-01, -2.4813882e-01, -3.4050566e-01,
         2.5028095e-01,  5.3296271e-03,  4.0649316e-01,  1.3174465e-01,
        -2.6910913e-01,  5.9263721e-02, -1.9497540e-02, -1.8097186e-01,
        -2.1011485e-01, -2.9509381e-04,  2.7035910e-01,  3.9444578e-01,
        -3.1392711e-01, -3.0568710e-01, -1.8544775e-01,  1.2255434e-01,
        -3.7172634e-02,  4.0497282e-01]], dtype=float32), array([-0.14561318,  0.        ,  0.15664159, -0.06701951,  0.        ,
       -0.14523771,  0.        ,  0.        ,  0.        ,  0.        ,
        0.        ,  0.13873115,  0.        , -0.17315438,  0.1414271 ,
        0.        ,  0.        ,  0.        , -0.0025436 , -0.17703414,
       -0.10655154,  0.        ,  0.1335722 , -0.0967911 ,  0.13611734,
        0.        ,  0.        ,  0.13579187,  0.14877306, -0.14489739,
        0.        ,  0.        ,  0.13090266, -0.00557958, -0.06527751,
        0.13648944,  0.        ,  0.1395866 ,  0.14638507,  0.        ,
        0.        , -0.00132588, -0.10725352, -0.15669379,  0.        ,
        0.        ,  0.        ,  0.13678513,  0.18759952, -0.07171657],
      dtype=float32)]]
layer2
[[array([[-0.42308044],
       [ 0.33058885],
       [ 0.35858577],
       [-0.39342105],
       [ 0.24986759],
       [-0.31975636],
       [ 0.05825779],
       [-0.03922436],
       [ 0.03629699],
       [-0.13278614],
       [-0.31183437],
       [ 0.07090538],
       [ 0.09594369],
       [-0.24213268],
       [ 0.40430868],
       [-0.14680131],
       [ 0.09115466],
       [-0.17502005],
       [-0.0477386 ],
       [-0.26838797],
       [-0.23253967],
       [ 0.19800016],
       [ 0.21941987],
       [-0.4552584 ],
       [ 0.33028695],
       [-0.05401838],
       [ 0.08017325],
       [ 0.19628344],
       [ 0.27352124],
       [-0.42485347],
       [ 0.2898458 ],
       [-0.34294614],
       [ 0.08059988],
       [-0.09869184],
       [-0.39257148],
       [ 0.3233192 ],
       [ 0.34044483],
       [ 0.33672535],
       [ 0.42391074],
       [-0.16605093],
       [ 0.2738357 ],
       [-0.29229525],
       [-0.45293322],
       [-0.1444539 ],
       [ 0.21177843],
       [-0.16446258],
       [-0.01063207],
       [ 0.31993496],
       [ 0.1732837 ],
       [-0.24100316]], dtype=float32), array([0.13572575], dtype=float32)]]