[[array([[ 0.46987617, -0.23992357, -0.07319331, -0.5194658 ,  0.1244751 ,
        -0.16261762, -0.27197194,  0.54577285,  0.5207715 ,  0.47628403,
         0.5151618 , -0.09932986,  0.5533393 , -0.4601097 , -0.30891848,
        -0.22919235,  0.43831402, -0.12976995,  0.42862076,  0.3644451 ]],
      dtype=float32), array([ 0.14674334,  0.        ,  0.        ,  0.        ,  0.16855876,
        0.        ,  0.        ,  0.03398626, -0.22269599, -0.07172116,
       -0.10657376,  0.        , -0.08406553,  0.        ,  0.        ,
        0.        ,  0.15084654,  0.        , -0.09847137,  0.0781615 ],
      dtype=float32)]]
[[array([[ 0.02178216,  0.07260948,  0.33312857,  0.14480124,  0.15573555,
        -0.22551835, -0.33911496,  0.11436212, -0.03122357, -0.0384779 ,
        -0.33708858, -0.30631104,  0.11268142,  0.15243725, -0.16065392,
         0.36501998, -0.15550306,  0.36675817, -0.15361176,  0.36658677],
       [-0.25358444, -0.00182554,  0.31087458,  0.2593118 ,  0.02899081,
        -0.01908982,  0.02107751,  0.38329542,  0.06876189,  0.19129717,
         0.06421834, -0.01555359, -0.08445418,  0.18124866,  0.25142962,
         0.04146138,  0.16071725,  0.1681177 ,  0.24855494, -0.02772251],
       [ 0.01036146,  0.21214122, -0.35647574, -0.02529594, -0.37701786,
         0.13290769, -0.14080119, -0.18060055,  0.16315049,  0.34971762,
         0.13874543,  0.06929794, -0.346814  ,  0.07560053, -0.26211402,
         0.15477651, -0.20360656,  0.05150086, -0.11790082,  0.20025283],
       [ 0.38683432, -0.00804633,  0.32033372,  0.14432687,  0.30164456,
         0.12512594, -0.3513546 ,  0.30389774,  0.3188349 ,  0.12195635,
         0.0730876 ,  0.16274244, -0.03673232, -0.3359725 ,  0.35884005,
        -0.04415315, -0.00409126, -0.15935221,  0.26983225, -0.01807031],
       [ 0.11801308, -0.22077106,  0.23274904,  0.3919385 , -0.36623484,
         0.23936412, -0.1613893 , -0.16124286, -0.00096124,  0.17950034,
        -0.1683537 , -0.21518393,  0.14025462,  0.19542818, -0.11062309,
         0.30107287, -0.02982368,  0.14617316, -0.1252223 , -0.07687526],
       [-0.26849344, -0.03453752,  0.19395214, -0.32301286,  0.3800668 ,
         0.19760895, -0.0709796 , -0.13279575,  0.29800153,  0.20182174,
        -0.0454157 ,  0.12730914,  0.3111425 ,  0.18399352,  0.3385986 ,
         0.19473714,  0.18403679, -0.02316725,  0.06440562,  0.19246632],
       [ 0.38032037, -0.16294356,  0.06668103,  0.2844326 ,  0.20811242,
         0.2423166 ,  0.02046356, -0.0112929 , -0.09692144,  0.22503245,
        -0.32367843,  0.18114704,  0.24951756,  0.16759026,  0.3792364 ,
         0.15563619, -0.06951031,  0.04428327,  0.22332639,  0.12656307],
       [-0.13919836,  0.29372016, -0.34850645,  0.23141992, -0.14066139,
         0.3825211 , -0.21162686, -0.31084433, -0.38402078,  0.17424226,
        -0.12875268,  0.291608  ,  0.15636265, -0.13409846, -0.08441097,
        -0.31995904,  0.2154254 , -0.08194722, -0.3051204 ,  0.14893375],
       [ 0.05410111,  0.20611629,  0.32966995,  0.03510533,  0.14923805,
        -0.18518297, -0.1265781 ,  0.26573747,  0.15165585, -0.2393383 ,
        -0.24275161,  0.12295602, -0.3788691 , -0.33559018, -0.2992326 ,
        -0.51078355,  0.34789795, -0.3740425 ,  0.14802563,  0.18435203],
       [-0.15876354, -0.14560674,  0.21755038, -0.3116202 , -0.26602855,
         0.38631508,  0.01585379, -0.07255003, -0.14990315, -0.22976393,
         0.01665947,  0.1699419 , -0.03687581, -0.16484655, -0.22108655,
        -0.11016566,  0.01408172, -0.10691622, -0.16028705,  0.07521904],
       [-0.20176661,  0.35269213,  0.19536076, -0.25264308,  0.01966172,
         0.10232046,  0.26113248, -0.12862155, -0.14530392, -0.06261736,
        -0.17575884, -0.07186326,  0.12560326,  0.2463443 , -0.11934343,
         0.01875038, -0.08678749, -0.47902143,  0.26622862, -0.15825085],
       [ 0.03038621,  0.23534685,  0.3548417 , -0.33240885,  0.1635369 ,
         0.02011377,  0.22945738,  0.13459468, -0.21840622, -0.05216393,
        -0.29720592, -0.04410753,  0.07282704,  0.32722336,  0.14828414,
        -0.36974263,  0.0484508 , -0.18430002,  0.03403389, -0.1527386 ],
       [-0.20656686, -0.12612985, -0.17317496, -0.16622147,  0.07498236,
         0.01019438, -0.09425035, -0.27593967, -0.33474594,  0.3844641 ,
        -0.22160724,  0.24440329, -0.1729582 , -0.36741978,  0.22517955,
        -0.43959746, -0.10529147, -0.43431148,  0.00232077, -0.31645724],
       [ 0.35502404, -0.24750467,  0.10034928,  0.29408586, -0.37110206,
        -0.2733757 ,  0.19933736,  0.36461633,  0.03469235,  0.17213231,
        -0.12601408, -0.25035304, -0.11197919, -0.01167074,  0.2585246 ,
        -0.31399262, -0.25128448, -0.17790508,  0.34195197,  0.20976752],
       [-0.03500697, -0.04469067, -0.25471497,  0.3137318 , -0.09130991,
         0.3858884 ,  0.03572544,  0.10559228, -0.06300676, -0.31363344,
        -0.15995952, -0.01832497,  0.36832494,  0.22401261, -0.10664514,
         0.15764743, -0.05714083,  0.10653156, -0.20310849,  0.20919639],
       [ 0.11490756,  0.23691142, -0.2258348 , -0.20417057, -0.03435645,
         0.27924734,  0.17211986, -0.29757047,  0.3556903 , -0.10618916,
        -0.15798947, -0.3360408 ,  0.18980992, -0.01604992, -0.33688036,
         0.21265286, -0.02077031,  0.04375267, -0.34226122, -0.3366041 ],
       [-0.12496364,  0.09951862, -0.08690828,  0.19012854,  0.17638753,
         0.29279664, -0.04583114, -0.06261045, -0.29855305, -0.11050287,
         0.18290794,  0.01647376, -0.37730697,  0.03328131,  0.18973732,
         0.16999121, -0.00543274,  0.31643546, -0.19380902,  0.29164255],
       [-0.27996114, -0.35243914, -0.23217666,  0.05477288, -0.26826242,
         0.31108338,  0.12120092,  0.0084964 ,  0.3407427 , -0.1590751 ,
        -0.33872336, -0.25184682,  0.01689196, -0.1491273 , -0.1002211 ,
         0.26819223,  0.22408962,  0.24861598,  0.2541482 ,  0.24527448],
       [ 0.01325196,  0.40753928,  0.3485412 , -0.37482992,  0.41030478,
         0.04814037, -0.33414757,  0.14119166, -0.21797656,  0.04296494,
         0.00674942,  0.28912216,  0.03583321,  0.26864296, -0.10235164,
         0.01685206,  0.24509273, -0.4693671 , -0.09086308, -0.30044442],
       [-0.16175765, -0.22565013, -0.08970159,  0.13071485,  0.31732285,
        -0.00736306,  0.34146285,  0.18175   ,  0.17262131, -0.3663756 ,
         0.11384511,  0.2944396 , -0.06375778,  0.19377568, -0.19693395,
        -0.32143378,  0.24630852,  0.24758591, -0.23051797,  0.08592247]],
      dtype=float32), array([ 0.        , -0.14640062, -0.13599709,  0.1164654 , -0.13543248,
       -0.0929504 ,  0.        ,  0.        ,  0.        ,  0.        ,
        0.        , -0.15198696,  0.        ,  0.1164934 ,  0.        ,
        0.22407812,  0.11034504,  0.20834687,  0.        ,  0.11003179],
      dtype=float32)]]
[[array([[-0.36313236],
       [-0.23227137],
       [-0.4694456 ],
       [ 0.46609464],
       [-0.24561678],
       [-0.16287212],
       [-0.47702545],
       [ 0.1680448 ],
       [ 0.34290534],
       [-0.45894593],
       [-0.22893056],
       [-0.28920993],
       [ 0.39373493],
       [ 0.45034468],
       [-0.24813211],
       [ 0.4490441 ],
       [ 0.03654643],
       [ 0.32353386],
       [-0.27297094],
       [ 0.3253514 ]], dtype=float32), array([0.10540009], dtype=float32)]]

