[[array([[-0.13993913, -0.02416041, -0.25495285,  0.4147964 , -0.4096408 ,
        -0.24059287,  0.3382582 ,  0.07393631,  0.45651427, -0.35083976,
        -0.25361568,  0.3971931 , -0.00188223,  0.39078164, -0.074931  ,
         0.23183629,  0.32855585,  0.06648559, -0.10800469,  0.62129194,
        -0.43721485, -0.13463545,  0.07884747,  0.566915  ,  0.574064  ]],
      dtype=float32), array([ 0.        ,  0.        ,  0.        , -0.00825338,  0.        ,
        0.        , -0.02830877, -0.07462454, -0.00774318,  0.        ,
        0.        , -0.11053568,  0.        , -0.00798937,  0.        ,
       -0.02391666, -0.02890186, -0.06751281,  0.        , -0.15370339,
        0.        ,  0.        , -0.05076878, -0.23988141, -0.00917616],
      dtype=float32)]]
[[array([[-1.55378878e-01, -2.93460250e-01,  1.48247033e-01,
         2.70276070e-01,  1.93408549e-01,  9.76952016e-02,
         1.00448281e-01,  1.20635808e-01,  7.29872286e-02,
        -9.15017426e-02, -2.49139637e-01, -2.59350061e-01,
         1.64769888e-02,  1.97193682e-01,  1.96241856e-01,
         9.43188071e-02,  3.68616879e-02,  2.07696140e-01,
        -1.81335211e-03,  2.30548143e-01, -3.37583452e-01,
         6.69705868e-02, -4.48590815e-02,  5.63074648e-02,
        -1.80679277e-01],
       [ 5.26759624e-02,  4.99118268e-02,  2.13924468e-01,
        -1.91164494e-01, -1.25612810e-01,  1.02666020e-02,
         2.98349261e-01, -1.08152494e-01,  1.42175376e-01,
         1.35299951e-01,  1.00700915e-01,  3.22922707e-01,
        -9.22136605e-02,  2.80926645e-01,  2.11905241e-01,
        -1.06303707e-01, -1.53497547e-01, -1.28979534e-01,
         2.02983975e-01, -2.07671463e-01,  2.06930399e-01,
         1.37188703e-01,  1.54437184e-01, -2.58281529e-02,
         1.78221405e-01],
       [-4.24685776e-02,  1.07502162e-01,  2.23034084e-01,
         1.37540966e-01,  5.01684248e-02,  2.22798824e-01,
         2.63198853e-01, -5.01575172e-02, -1.63665950e-01,
        -2.59569764e-01,  9.81110334e-02, -2.40459353e-01,
         1.80356681e-01,  3.01847339e-01,  3.03905666e-01,
        -8.82844925e-02, -3.45624298e-01,  7.05925226e-02,
         6.31023645e-02, -4.49181497e-02,  6.69488311e-03,
        -1.47636503e-01,  2.94226110e-01, -2.75985122e-01,
         1.85679972e-01],
       [ 2.87327796e-01, -3.49421531e-01,  3.83032918e-01,
        -3.64827275e-01, -4.93325323e-01, -3.27506900e-01,
        -5.76847605e-02, -1.64009690e-01,  1.81047156e-01,
         3.52733612e-01,  1.85958341e-01, -3.29581499e-01,
        -7.79341757e-02, -2.95659184e-01, -1.70559824e-01,
        -3.23831439e-01, -7.89444819e-02,  3.58430855e-02,
         1.52455121e-01, -2.13507846e-01, -2.12864026e-01,
        -1.95176721e-01, -2.61253685e-01, -1.34456921e-02,
         1.33651301e-01],
       [-1.33110136e-01,  9.73570347e-03, -1.84951857e-01,
        -2.96061188e-01, -5.45676351e-02, -9.27490890e-02,
         9.56868529e-02, -3.39763582e-01, -1.54631764e-01,
         9.24419463e-02, -1.57977685e-01, -1.68932587e-01,
         2.08518863e-01, -3.58396173e-02,  2.82745600e-01,
         3.43288660e-01,  2.13597119e-01,  3.27216923e-01,
        -1.42439827e-01, -4.60252166e-03,  1.88147068e-01,
         5.33760786e-02, -3.45018506e-01, -2.41607457e-01,
        -1.05183199e-01],
       [ 7.77851641e-02,  1.76645875e-01, -2.48172671e-01,
        -3.37554961e-01, -2.82954305e-01,  1.61767185e-01,
        -1.95656270e-01,  3.42325866e-01,  1.52411729e-01,
         9.67334211e-02, -2.15336621e-01, -2.04691678e-01,
         1.47385508e-01,  2.45569766e-01, -1.79369062e-01,
        -2.33504489e-01, -1.39706075e-01, -1.15186319e-01,
         1.19885325e-01,  2.27087259e-01, -3.07637990e-01,
         2.95416713e-02, -1.15040883e-01,  2.21198261e-01,
         3.55876386e-02],
       [-2.89210051e-01, -9.22057033e-03, -2.16503382e-01,
         2.93092310e-01, -1.19443989e+00,  2.02112556e-01,
        -1.61933646e-01,  2.37166584e-01,  2.75549531e-01,
         3.84574741e-01,  7.65987998e-03,  3.31188738e-01,
        -6.03643917e-02,  8.75137448e-02,  2.77733237e-01,
         2.37203658e-01, -1.59303099e-01, -1.64394557e-01,
         6.41100034e-02,  1.18404627e-01,  1.10537045e-01,
         1.60539865e-01, -2.53075063e-01, -2.04328969e-01,
         3.65209639e-01],
       [-1.47464305e-01, -1.11782685e-01,  9.59164351e-02,
         2.64306903e-01,  2.05443516e-01, -2.33186513e-01,
         1.62315458e-01, -2.42010161e-01,  1.12781059e-02,
        -2.83149898e-01,  2.85528004e-01,  2.22099483e-01,
         1.33804411e-01, -4.59673293e-02,  1.01885244e-01,
        -3.40758145e-01,  4.19200659e-01, -2.39788800e-01,
        -4.68124859e-02,  2.55048275e-01, -3.37423563e-01,
        -2.24100892e-02,  9.42353904e-02, -1.44796699e-01,
         1.38538899e-02],
       [-1.24650486e-01,  2.43245870e-01,  3.19392025e-01,
        -2.58055180e-01, -4.08339351e-01,  8.79037306e-02,
        -3.18184704e-01, -7.43941665e-02, -1.01598568e-01,
         3.68289389e-02,  2.02481583e-01, -1.51831597e-01,
        -7.48521984e-02,  2.04437554e-01,  2.60666221e-01,
         8.39638151e-03, -1.00147501e-02, -2.12330237e-01,
         3.40105802e-01,  2.50093222e-01, -1.07090600e-01,
        -6.94867149e-02,  2.14632407e-01,  6.84096739e-02,
         1.87468603e-01],
       [-2.12438762e-01, -2.89809883e-01, -1.70855865e-01,
         1.22647494e-01,  1.87070668e-01,  3.03655148e-01,
         2.40023673e-01,  2.64659166e-01, -3.17037702e-01,
         2.03411222e-01, -3.22623730e-01,  5.30949235e-03,
        -3.16193461e-01, -3.64628434e-02,  1.43844932e-01,
        -1.98762164e-01, -4.22142148e-02, -3.73289883e-02,
        -1.14216551e-01,  2.62663543e-01,  1.02260411e-02,
         9.95606780e-02, -3.38446110e-01, -1.08665213e-01,
         2.47030377e-01],
       [-2.01506406e-01, -2.59560257e-01,  2.61233687e-01,
        -1.48028404e-01, -9.02265310e-02,  3.04323971e-01,
        -1.79865509e-01, -2.78247297e-01, -1.65904731e-01,
        -1.66040510e-01,  1.03127360e-01,  1.76224411e-01,
         1.49427146e-01,  1.26240075e-01, -1.28528923e-01,
        -2.35189825e-01, -1.22392520e-01, -1.48823917e-01,
         2.31941462e-01,  9.14359987e-02, -1.84314832e-01,
         1.61707401e-02,  2.93807626e-01, -1.78533584e-01,
         2.33137608e-02],
       [-2.86336154e-01,  1.02692604e-01,  3.28241587e-01,
        -5.35557717e-02, -1.10593706e-01,  5.26679456e-02,
         3.04335892e-01,  2.63191104e-01,  7.55190253e-02,
        -2.75891304e-01, -8.09736848e-02,  1.07108399e-01,
        -3.06827426e-02,  2.90813953e-01, -2.82567471e-01,
        -3.08775514e-01, -4.34108153e-02, -2.91200161e-01,
        -2.36857636e-03, -2.27717519e-01, -3.19783956e-01,
         7.99917728e-02, -6.95190728e-02, -1.93335682e-01,
        -9.28079560e-02],
       [ 6.38561845e-02,  1.20159388e-02, -3.09292108e-01,
         3.03342342e-01, -9.49911773e-02,  1.32501930e-01,
        -2.52119839e-01,  2.86818147e-01,  3.03179145e-01,
         1.01115018e-01, -6.32934868e-02,  2.86766171e-01,
         1.97776139e-01,  2.98939466e-01, -1.26136541e-02,
        -3.90593410e-02, -1.20081902e-02, -2.93074787e-01,
        -2.87560821e-02,  3.33181322e-02, -1.44774616e-02,
         1.60629809e-01,  1.68093860e-01,  3.18665564e-01,
        -3.04041415e-01],
       [ 3.55765969e-02, -3.24736595e-01,  2.79260993e-01,
         3.08411330e-01, -5.03452599e-01, -7.20181614e-02,
        -1.40258640e-01, -7.48988912e-02, -2.86995620e-01,
         3.37786585e-01,  3.26741278e-01,  7.85644054e-02,
         2.28128493e-01, -5.56785800e-02,  3.27617019e-01,
         4.71473411e-02, -7.26425871e-02,  5.34329116e-02,
        -2.14005485e-01,  1.73656181e-01, -8.74066819e-03,
        -1.33494303e-01, -3.00155014e-01,  2.46634647e-01,
         2.59933800e-01],
       [-8.82366002e-02,  2.68383920e-01, -2.93198913e-01,
        -1.56140029e-02, -2.55899340e-01,  3.38387787e-02,
        -2.71898478e-01,  2.41970837e-01,  2.39311993e-01,
         1.02287978e-01, -1.67295337e-03, -6.81976378e-02,
         7.55619109e-02,  3.12025011e-01, -2.36697197e-01,
         3.22538495e-01, -1.97276473e-03, -5.73507547e-02,
        -2.27009386e-01, -1.53091297e-01, -1.71411037e-01,
        -1.62941456e-01, -1.88593268e-02, -2.46944875e-01,
         2.02535987e-01],
       [ 2.20886245e-01,  2.05239832e-01, -2.51805801e-02,
        -3.12757231e-02, -7.95344234e-01,  1.44809568e-02,
        -1.86994597e-01,  3.00684273e-02,  2.88771361e-01,
        -4.25799452e-02,  3.45420241e-01, -7.68271834e-02,
        -3.33456039e-01,  2.71602035e-01,  1.71498552e-01,
         9.01004076e-02, -1.48165897e-01,  3.39213312e-01,
        -2.79357105e-01,  1.62477449e-01, -8.87053981e-02,
         2.46640146e-01, -2.65393257e-02, -9.56572220e-02,
         1.67888373e-01],
       [ 1.85340643e-02, -2.74780393e-01,  3.01611453e-01,
        -8.64995122e-02, -1.00862575e+00, -1.83055893e-01,
         2.28965804e-01,  2.96692103e-02,  2.97335148e-01,
        -1.86533645e-01,  2.83859283e-01,  1.37326688e-01,
        -1.69377536e-01, -2.93760687e-01, -1.26440510e-01,
         1.40170068e-01,  3.64981234e-01,  1.03804499e-01,
        -1.17847644e-01, -4.58181128e-02,  1.73942193e-01,
         8.12658146e-02, -3.45955998e-01,  9.76808816e-02,
         2.66086077e-03],
       [ 2.66463757e-02, -2.54270077e-01, -1.90005347e-01,
         1.62270680e-01, -3.16461265e-01, -1.45184487e-01,
         4.00066264e-02,  1.96192026e-01,  1.95943281e-01,
         2.55663514e-01,  2.33545288e-01,  3.29647362e-02,
         1.46889240e-01, -1.03994116e-01, -7.05439299e-02,
        -1.48622483e-01,  1.17358103e-01,  1.20138198e-01,
        -1.80679008e-01,  2.34453723e-01,  3.49837154e-01,
         3.26944739e-02, -2.74567127e-01,  3.19359042e-02,
         5.75612485e-03],
       [-2.36812830e-01,  1.59390330e-01, -1.15984380e-02,
        -8.98414850e-02,  1.92691445e-01,  1.80655181e-01,
         3.16177189e-01, -1.03987038e-01, -1.95778608e-02,
         2.25750208e-01,  1.18504733e-01,  4.26611006e-02,
         7.63822794e-02, -2.83013433e-01, -3.10019314e-01,
        -1.12127498e-01, -1.72386467e-02, -2.50771642e-02,
         3.33910882e-01,  2.00973630e-01, -3.43280226e-01,
         8.19208026e-02, -1.60199866e-01,  2.17789292e-01,
        -1.36939123e-01],
       [ 1.47359326e-01,  1.73094988e-01, -4.05921876e-01,
         2.39523754e-01, -2.81091452e-01, -1.64973348e-01,
         6.21795416e-01, -3.40910077e-01, -2.81018376e-01,
        -7.88664073e-02, -3.07997763e-01, -2.31643423e-01,
        -3.09889704e-01,  3.62743288e-01, -1.86863057e-02,
        -1.30969644e-01, -5.15807986e-01,  3.36340845e-01,
         3.19903344e-01, -3.46185654e-01,  6.89646453e-02,
        -3.74829844e-02, -2.16213226e-01,  1.40045062e-01,
        -2.77020633e-01],
       [ 2.31824934e-01, -2.46122837e-01, -4.07351851e-02,
        -1.43932238e-01, -3.01611692e-01,  1.03666246e-01,
        -2.14934319e-01, -3.42193574e-01,  7.36554563e-02,
         1.99320912e-01, -1.77980304e-01, -1.88867062e-01,
        -1.83713436e-03,  2.25065112e-01,  4.69967127e-02,
         2.67090499e-02,  2.44351268e-01,  3.03702891e-01,
         8.85566473e-02,  1.80152833e-01,  6.95446134e-03,
         2.37911105e-01,  6.33071959e-02,  2.03541994e-01,
        -6.33972287e-02],
       [ 3.38480234e-01,  2.24632502e-01, -1.32110789e-01,
        -5.70353568e-02,  1.83050156e-01,  5.26366532e-02,
         2.93819845e-01, -2.22425193e-01,  8.58516395e-02,
        -2.15441883e-02,  1.91471636e-01, -2.97383368e-01,
         1.50176287e-02,  2.72507310e-01, -9.41568613e-02,
        -4.55152690e-02,  9.61989760e-02,  4.18950915e-02,
         3.20023537e-01, -4.74806130e-02,  1.73146546e-01,
        -2.54126608e-01, -1.94413856e-01, -4.65154350e-02,
         1.09158605e-01],
       [ 3.01179886e-02, -1.57076940e-01, -1.00829847e-01,
        -1.04926921e-01, -6.76966488e-01,  1.71754882e-01,
        -1.61467552e-01, -3.41595381e-01, -9.14587006e-02,
         5.70150316e-02,  1.52279899e-01, -9.35315490e-02,
        -8.21685791e-02, -2.30385050e-01, -1.89601034e-01,
         1.03130817e-01, -1.05058804e-01,  1.64912820e-01,
         2.45964482e-01, -2.40861878e-01,  2.95612246e-01,
         6.41870797e-02, -3.31435889e-01, -2.90698677e-01,
        -5.68494201e-02],
       [ 7.95650557e-02, -2.82302320e-01,  1.57333183e+00,
        -9.82579291e-02,  1.33248240e-01,  1.10154241e-01,
        -2.44591069e+00, -3.34121436e-01,  1.24831533e+00,
         1.33484709e+00,  5.78717947e-01,  1.49976206e+00,
         4.21912372e-02,  7.22946227e-01,  1.26271892e+00,
        -6.04417026e-02,  1.64739192e+00, -7.13231862e-02,
         8.76489103e-01, -3.99318963e-01,  1.70758545e+00,
        -1.25883237e-01,  1.71733797e-01, -4.45798546e-01,
         8.42032075e-01],
       [-3.26441824e-01, -2.24539146e-01,  4.31841612e-01,
        -1.47290751e-01, -1.05203651e-01,  4.24227640e-02,
         8.44020545e-02,  1.29409432e-01, -3.16269159e-01,
         4.38929141e-01, -6.05892800e-02,  2.58177459e-01,
        -2.20865056e-01,  2.97467947e-01,  1.35694906e-01,
        -3.14230323e-01,  4.71870720e-01, -3.10566217e-01,
         2.37779722e-01, -1.74926426e-02,  2.71361411e-01,
        -1.87351052e-02, -8.34531933e-02, -1.17160706e-02,
         2.00732678e-01]], dtype=float32), array([ 0.03562992, -0.03183457,  0.08496191, -0.01911113,  0.11627369,
       -0.03158863,  0.09308121, -0.01846194, -0.13246103,  0.06305753,
       -0.24010096, -0.01250104, -0.00694288, -0.2890739 ,  0.02234275,
       -0.03705898,  0.04271228, -0.0307145 , -0.30472434, -0.05220752,
       -0.05208569, -0.02914   , -0.02096258, -0.09324799, -0.2855979 ],
      dtype=float32)]]
[[array([[-0.28163305],
       [-0.14802247],
       [ 0.5796284 ],
       [-0.21361329],
       [-0.7637009 ],
       [ 0.36393157],
       [-0.7192822 ],
       [ 0.13969226],
       [ 0.10745589],
       [ 0.29726538],
       [-0.26868942],
       [ 0.03873751],
       [ 0.06657219],
       [-0.5975777 ],
       [ 0.12011535],
       [ 0.3407025 ],
       [ 0.32699803],
       [ 0.09329745],
       [-0.35044757],
       [-0.16227944],
       [ 0.06158226],
       [-0.07875124],
       [-0.13120627],
       [-0.35933015],
       [-0.58002114]], dtype=float32), array([0.11102286], dtype=float32)]]
